 -50   -45.56   -58.00
 -49   -45.00   -56.20
 -48   -44.44   -54.40
 -47   -43.89   -52.60
 -46   -43.33   -50.80
 -45   -42.78   -49.00
 -44   -42.22   -47.20
 -43   -41.67   -45.40
 -42   -41.11   -43.60
 -41   -40.56   -41.80
 -40   -40.00   -40.00
 -39   -39.44   -38.20
 -38   -38.89   -36.40
 -37   -38.33   -34.60
 -36   -37.78   -32.80
 -35   -37.22   -31.00
 -34   -36.67   -29.20
 -33   -36.11   -27.40
 -32   -35.56   -25.60
 -31   -35.00   -23.80
 -30   -34.44   -22.00
 -29   -33.89   -20.20
 -28   -33.33   -18.40
 -27   -32.78   -16.60
 -26   -32.22   -14.80
 -25   -31.67   -13.00
 -24   -31.11   -11.20
 -23   -30.56    -9.40
 -22   -30.00    -7.60
 -21   -29.44    -5.80
 -20   -28.89    -4.00
 -19   -28.33    -2.20
 -18   -27.78    -0.40
 -17   -27.22     1.40
 -16   -26.67     3.20
 -15   -26.11     5.00
 -14   -25.56     6.80
 -13   -25.00     8.60
 -12   -24.44    10.40
 -11   -23.89    12.20
 -10   -23.33    14.00
  -9   -22.78    15.80
  -8   -22.22    17.60
  -7   -21.67    19.40
  -6   -21.11    21.20
  -5   -20.56    23.00
  -4   -20.00    24.80
  -3   -19.44    26.60
  -2   -18.89    28.40
  -1   -18.33    30.20
   0   -17.78    32.00
   1   -17.22    33.80
   2   -16.67    35.60
   3   -16.11    37.40
   4   -15.56    39.20
   5   -15.00    41.00
   6   -14.44    42.80
   7   -13.89    44.60
   8   -13.33    46.40
   9   -12.78    48.20
  10   -12.22    50.00
  11   -11.67    51.80
  12   -11.11    53.60
  13   -10.56    55.40
  14   -10.00    57.20
  15    -9.44    59.00
  16    -8.89    60.80
  17    -8.33    62.60
  18    -7.78    64.40
  19    -7.22    66.20
  20    -6.67    68.00
  21    -6.11    69.80
  22    -5.56    71.60
  23    -5.00    73.40
  24    -4.44    75.20
  25    -3.89    77.00
  26    -3.33    78.80
  27    -2.78    80.60
  28    -2.22    82.40
  29    -1.67    84.20
  30    -1.11    86.00
  31    -0.56    87.80
  32     0.00    89.60
  33     0.56    91.40
  34     1.11    93.20
  35     1.67    95.00
  36     2.22    96.80
  37     2.78    98.60
  38     3.33   100.40
  39     3.89   102.20
  40     4.44   104.00
  41     5.00   105.80
  42     5.56   107.60
  43     6.11   109.40
  44     6.67   111.20
  45     7.22   113.00
  46     7.78   114.80
  47     8.33   116.60
  48     8.89   118.40
  49     9.44   120.20
  50    10.00   122.00
  51    10.56   123.80
  52    11.11   125.60
  53    11.67   127.40
  54    12.22   129.20
  55    12.78   131.00
  56    13.33   132.80
  57    13.89   134.60
  58    14.44   136.40
  59    15.00   138.20
  60    15.56   140.00
  61    16.11   141.80
  62    16.67   143.60
  63    17.22   145.40
  64    17.78   147.20
  65    18.33   149.00
  66    18.89   150.80
  67    19.44   152.60
  68    20.00   154.40
  69    20.56   156.20
  70    21.11   158.00
  71    21.67   159.80
  72    22.22   161.60
  73    22.78   163.40
  74    23.33   165.20
  75    23.89   167.00
  76    24.44   168.80
  77    25.00   170.60
  78    25.56   172.40
  79    26.11   174.20
  80    26.67   176.00
  81    27.22   177.80
  82    27.78   179.60
  83    28.33   181.40
  84    28.89   183.20
  85    29.44   185.00
  86    30.00   186.80
  87    30.56   188.60
  88    31.11   190.40
  89    31.67   192.20
  90    32.22   194.00
  91    32.78   195.80
  92    33.33   197.60
  93    33.89   199.40
  94    34.44   201.20
  95    35.00   203.00
  96    35.56   204.80
  97    36.11   206.60
  98    36.67   208.40
  99    37.22   210.20
 100    37.78   212.00
 101    38.33   213.80
 102    38.89   215.60
 103    39.44   217.40
 104    40.00   219.20
 105    40.56   221.00
 106    41.11   222.80
 107    41.67   224.60
 108    42.22   226.40
 109    42.78   228.20
 110    43.33   230.00
 111    43.89   231.80
 112    44.44   233.60
 113    45.00   235.40
 114    45.56   237.20
 115    46.11   239.00
 116    46.67   240.80
 117    47.22   242.60
 118    47.78   244.40
 119    48.33   246.20
 120    48.89   248.00
 121    49.44   249.80
 122    50.00   251.60
 123    50.56   253.40
 124    51.11   255.20
 125    51.67   257.00
 126    52.22   258.80
 127    52.78   260.60
 128    53.33   262.40
 129    53.89   264.20
 130    54.44   266.00
 131    55.00   267.80
 132    55.56   269.60
 133    56.11   271.40
 134    56.67   273.20
 135    57.22   275.00
 136    57.78   276.80
 137    58.33   278.60
 138    58.89   280.40
 139    59.44   282.20
 140    60.00   284.00
 141    60.56   285.80
 142    61.11   287.60
 143    61.67   289.40
 144    62.22   291.20
 145    62.78   293.00
 146    63.33   294.80
 147    63.89   296.60
 148    64.44   298.40
 149    65.00   300.20
 150    65.56   302.00
 151    66.11   303.80
 152    66.67   305.60
 153    67.22   307.40
 154    67.78   309.20
 155    68.33   311.00
 156    68.89   312.80
 157    69.44   314.60
 158    70.00   316.40
 159    70.56   318.20
 160    71.11   320.00
 161    71.67   321.80
 162    72.22   323.60
 163    72.78   325.40
 164    73.33   327.20
 165    73.89   329.00
 166    74.44   330.80
 167    75.00   332.60
 168    75.56   334.40
 169    76.11   336.20
 170    76.67   338.00
 171    77.22   339.80
 172    77.78   341.60
 173    78.33   343.40
 174    78.89   345.20
 175    79.44   347.00
 176    80.00   348.80
 177    80.56   350.60
 178    81.11   352.40
 179    81.67   354.20
 180    82.22   356.00
 181    82.78   357.80
 182    83.33   359.60
 183    83.89   361.40
 184    84.44   363.20
 185    85.00   365.00
 186    85.56   366.80
 187    86.11   368.60
 188    86.67   370.40
 189    87.22   372.20
 190    87.78   374.00
 191    88.33   375.80
 192    88.89   377.60
 193    89.44   379.40
 194    90.00   381.20
 195    90.56   383.00
 196    91.11   384.80
 197    91.67   386.60
 198    92.22   388.40
 199    92.78   390.20
 200    93.33   392.00
 201    93.89   393.80
 202    94.44   395.60
 203    95.00   397.40
 204    95.56   399.20
 205    96.11   401.00
 206    96.67   402.80
 207    97.22   404.60
 208    97.78   406.40
 209    98.33   408.20
 210    98.89   410.00
 211    99.44   411.80
 212   100.00   413.60
 213   100.56   415.40
 214   101.11   417.20
 215   101.67   419.00
 216   102.22   420.80
 217   102.78   422.60
 218   103.33   424.40
 219   103.89   426.20
 220   104.44   428.00
 221   105.00   429.80
 222   105.56   431.60
 223   106.11   433.40
 224   106.67   435.20
 225   107.22   437.00
 226   107.78   438.80
 227   108.33   440.60
 228   108.89   442.40
 229   109.44   444.20
 230   110.00   446.00
 231   110.56   447.80
 232   111.11   449.60
 233   111.67   451.40
 234   112.22   453.20
 235   112.78   455.00
 236   113.33   456.80
 237   113.89   458.60
 238   114.44   460.40
 239   115.00   462.20
 240   115.56   464.00
 241   116.11   465.80
 242   116.67   467.60
 243   117.22   469.40
 244   117.78   471.20
 245   118.33   473.00
 246   118.89   474.80
 247   119.44   476.60
 248   120.00   478.40
 249   120.56   480.20
 250   121.11   482.00
